teleportenabled: true
teleportauto: false
godmode: false
muted: false
jailed: false
ip-address: 127.0.0.1
afk: false
socialspy: false
npc: false
powertoolsenabled: true
accepting-pay: true
baltop-exempt: false
timestamps:
  lastteleport: 1740147833553
  lastheal: 0
  mute: 0
  jail: 0
  onlinejail: 0
  logout: 1740569088751
  login: 1740568561364
money: '7000.0'
last-account-name: C2gl
logoutlocation:
  world: 90886326-a2c5-4fc8-97b8-83049263b946
  world-name: world
  x: -588.0862898433363
  y: 72.0
  z: -692.3262916717688
  yaw: 0.0
  pitch: 0.0
lastlocation:
  world: 90886326-a2c5-4fc8-97b8-83049263b946
  world-name: world
  x: 327.9791337854739
  y: 64.0
  z: 623.8691260306189
  yaw: 146.62167358398438
  pitch: 6.299998760223389
homes:
  planes:
    world: 90886326-a2c5-4fc8-97b8-83049263b946
    world-name: world
    x: -608.7406193473156
    y: 71.0
    z: -671.2037435573933
    yaw: 0.0
    pitch: 0.0
  stronghold:
    world: 90886326-a2c5-4fc8-97b8-83049263b946
    world-name: world
    x: -3648.511209831987
    y: -21.0
    z: -4090.9193335478644
    yaw: -4.6763916015625
    pitch: 11.567071914672852
  gerere:
    world: 90886326-a2c5-4fc8-97b8-83049263b946
    world-name: world
    x: -715.8739392723808
    y: 86.0
    z: -2016.6507025757312
    yaw: 138.4106903076172
    pitch: 13.511503219604492
  skyhigh:
    world: 90886326-a2c5-4fc8-97b8-83049263b946
    world-name: world
    x: -701.6999999880791
    y: 197.0
    z: -3679.266194096398
    yaw: -127.0089111328125
    pitch: 35.558555603027344
  prettycave:
    world: 90886326-a2c5-4fc8-97b8-83049263b946
    world-name: world
    x: 4621.699999988079
    y: 12.0
    z: 2141.0168067774257
    yaw: 104.99002075195312
    pitch: -1.680480718612671
