teleportenabled: true
teleportauto: false
godmode: false
muted: false
jailed: false
ip-address: 127.0.0.1
afk: false
socialspy: false
npc: false
powertoolsenabled: true
accepting-pay: true
baltop-exempt: false
timestamps:
  lastteleport: 1738752193325
  lastheal: 0
  mute: 0
  jail: 0
  onlinejail: 0
<<<<<<< HEAD
  logout: 1739029268555
  login: 1739029129750
money: '7000.0'
last-account-name: C2gl
logoutlocation:
  world: 8ff57c30-e3e2-4725-a77b-592a620f62ca
  world-name: world_mining
  x: 273.5811343965194
  y: 64.0
  z: -7.9426943706774225
  yaw: -81.5302734375
  pitch: 32.2959098815918
=======
  logout: 1739023906391
  login: 1739023597746
money: '7000.0'
last-account-name: C2gl
logoutlocation:
  world: 90886326-a2c5-4fc8-97b8-83049263b946
  world-name: world
  x: 4692.833040122696
  y: 63.0
  z: 2186.978224556476
  yaw: 0.0
  pitch: 0.0
>>>>>>> main
lastlocation:
  world: 90886326-a2c5-4fc8-97b8-83049263b946
  world-name: world
  x: -406.2897512541462
  y: -2.0
  z: -502.2417601331743
  yaw: -61.75439453125
  pitch: 36.283287048339844
homes:
  planes:
    world: 90886326-a2c5-4fc8-97b8-83049263b946
    world-name: world
    x: -608.7406193473156
    y: 71.0
    z: -671.2037435573933
    yaw: 0.0
    pitch: 0.0
  stronghold:
    world: 90886326-a2c5-4fc8-97b8-83049263b946
    world-name: world
    x: -3648.511209831987
    y: -21.0
    z: -4090.9193335478644
    yaw: -4.6763916015625
    pitch: 11.567071914672852
  gerere:
    world: 90886326-a2c5-4fc8-97b8-83049263b946
    world-name: world
    x: -715.8739392723808
    y: 86.0
    z: -2016.6507025757312
    yaw: 138.4106903076172
    pitch: 13.511503219604492
  skyhigh:
    world: 90886326-a2c5-4fc8-97b8-83049263b946
    world-name: world
    x: -701.6999999880791
    y: 197.0
    z: -3679.266194096398
    yaw: -127.0089111328125
    pitch: 35.558555603027344
