teleportenabled: true
teleportauto: false
godmode: false
muted: false
jailed: false
ip-address: 127.0.0.1
afk: false
socialspy: false
npc: false
powertoolsenabled: true
accepting-pay: true
baltop-exempt: false
timestamps:
  lastteleport: 1739204865057
  lastheal: 0
  mute: 0
  jail: 0
  onlinejail: 0
  logout: 1739205251974
  login: 1739203748952
money: '13000.0'
last-account-name: JGamesSP
homes:
  pretty:
    world: 90886326-a2c5-4fc8-97b8-83049263b946
    world-name: world
    x: 4579.5624858640695
    y: 93.0
    z: -871.5011758119755
    yaw: 175.37240600585938
    pitch: 8.961959838867188
  home:
    world: 90886326-a2c5-4fc8-97b8-83049263b946
    world-name: world
    x: 1094.0928569092832
    y: 63.0
    z: 1310.7444791466523
    yaw: -89.50336456298828
    pitch: 35.40921401977539
  end:
    world: 7845208e-42c1-4bd5-8b3c-043d9aa3da79
    world-name: world_the_end
    x: -993.0559482454938
    y: 42.0
    z: -420.17114047827965
    yaw: 142.1836395263672
    pitch: 12.929299354553223
  endcity:
    world: 7845208e-42c1-4bd5-8b3c-043d9aa3da79
    world-name: world_the_end
    x: -1613.7603709601108
    y: 157.0
    z: -1482.1539583030103
    yaw: -6.018078804016113
    pitch: 24.89830780029297
  creeper:
    world: 90886326-a2c5-4fc8-97b8-83049263b946
    world-name: world
    x: 507.9237571472137
    y: 141.0
    z: 772.884805512976
    yaw: 4.980199337005615
    pitch: 40.3360595703125
logoutlocation:
  world: 90886326-a2c5-4fc8-97b8-83049263b946
  world-name: world
  x: 1048.708503033075
  y: 56.0
  z: 1451.8503431220754
  yaw: 0.0
  pitch: 0.0
lastlocation:
  world: 90886326-a2c5-4fc8-97b8-83049263b946
  world-name: world
  x: 1079.8812840438177
  y: 56.0
  z: 1442.1564575887737
  yaw: -145.2696533203125
  pitch: 3.1978776454925537
