teleportenabled: true
teleportauto: false
godmode: false
muted: false
jailed: false
ip-address: 127.0.0.1
afk: false
socialspy: false
npc: false
powertoolsenabled: true
accepting-pay: true
baltop-exempt: false
timestamps:
  lastteleport: 1738241443664
  lastheal: 1737666332344
  mute: 0
  jail: 0
  onlinejail: 0
  logout: 1738334223265
  login: 1738334064963
money: '38000.0'
lastlocation:
  world: 90886326-a2c5-4fc8-97b8-83049263b946
  world-name: world
  x: -2919.699999988079
  y: -58.0
  z: -1747.7052750195624
  yaw: -155.34783935546875
  pitch: 77.682373046875
logoutlocation:
  world: 90886326-a2c5-4fc8-97b8-83049263b946
  world-name: world
  x: 1104.4075113810336
  y: 66.0
  z: 1303.6522323783884
  yaw: 0.0
  pitch: 0.0
last-account-name: JGamesSP
homes:
  cave:
    world: 90886326-a2c5-4fc8-97b8-83049263b946
    world-name: world
    x: 1727.699999988079
    y: -16.0
    z: 442.5261065575812
    yaw: -86.86425018310547
    pitch: 11.250713348388672
  home:
    world: 90886326-a2c5-4fc8-97b8-83049263b946
    world-name: world
    x: 1100.2006805038463
    y: 63.0
    z: 1308.1724863240552
    yaw: -60.4715576171875
    pitch: 21.895994186401367
  trials:
    world: 90886326-a2c5-4fc8-97b8-83049263b946
    world-name: world
    x: 182.37560451266876
    y: -22.0
    z: -439.4132026003237
    yaw: -97.40472412109375
    pitch: 39.22410583496094
