world: 90886326-a2c5-4fc8-97b8-83049263b946
world-name: world
x: -289.5672153559151
y: 70.0
z: -55.17216749288967
yaw: 113.369873046875
pitch: 27.76214599609375
name: spawn
lastowner: f303893c-768a-4c80-b4f9-65d2a7a8210c
