world: 90886326-a2c5-4fc8-97b8-83049263b946
world-name: world
x: 718.3000000119209
y: 162.0
z: 1360.4390598654738
yaw: -92.57980346679688
pitch: 41.28171920776367
name: XP
lastowner: ac59ab29-63a9-4865-912e-ab25be6efa08
